Value   Red   Green   Blue   
0   0.0001282051   0.0000641026   0.0002991453   
1   0.0002243590   0.0001816239   0.0005876068   
2   0.0010149573   0.0015491453   0.0016025641   
3   0.0057158118   0.0078311962   0.0071047004   
4   0.0115384601   0.0152991422   0.0126923041   
5   0.0107905939   0.0139743510   0.0124893075   
6   0.0090598216   0.0111217841   0.0116239188   
7   0.0087072545   0.0104166529   0.0124358795   
8   0.0086324654   0.0092200703   0.0127350201   
9   0.0073290461   0.0077563950   0.0119337356   
10   0.0061752002   0.0061431485   0.0103525393   
11   0.0066345991   0.0063461378   0.0093589497   
12   0.0068589558   0.0063781874   0.0099145014   
13   0.0076922850   0.0074251913   0.0098397129   
14   0.0083653578   0.0087072364   0.0086751843   
15   0.0082157834   0.0082692012   0.0078311679   
16   0.0077777486   0.0086858641   0.0083760355   
17   0.0075640723   0.0092093640   0.0083546659   
18   0.0076068051   0.0094337195   0.0087499610   
19   0.0073397103   0.0093161961   0.0086538052   
20   0.0076281684   0.0093055099   0.0077670552   
21   0.0075747478   0.0087926895   0.0080234620   
22   0.0072756021   0.0095405464   0.0080448273   
23   0.0074251721   0.0091131959   0.0082478155   
24   0.0076067929   0.0084614879   0.0079379861   
25   0.0063354312   0.0079700358   0.0075747385   
26   0.0063781644   0.0078097785   0.0068482458   
27   0.0059401316   0.0066879894   0.0069871322   
28   0.0055555176   0.0065704674   0.0067414059   
29   0.0056944043   0.0069337114   0.0063140572   
30   0.0055982500   0.0066666179   0.0062499538   
31   0.0050320138   0.0060362794   0.0065490956   
32   0.0051495333   0.0060149109   0.0075640438   
33   0.0044016749   0.0055661954   0.0079486546   
34   0.0040277455   0.0050426943   0.0074999388   
35   0.0039422753   0.0042627853   0.0080554884   
36   0.0038247543   0.0046901314   0.0075854055   
37   0.0037820189   0.0038247534   0.0077777102   
38   0.0034294572   0.0034401408   0.0076815559   
39   0.0031516814   0.0037820175   0.0080447993   
40   0.0028845893   0.0030234768   0.0083653079   
41   0.0029700582   0.0031837313   0.0076067667   
42   0.0024892930   0.0029059556   0.0067841238   
43   0.0028418534   0.0030021082   0.0060790015   
44   0.0024465576   0.0029486895   0.0062178883   
45   0.0024679247   0.0028525362   0.0051495219   
46   0.0022328839   0.0030875763   0.0051815723   
47   0.0021260472   0.0040918394   0.0045726035   
48   0.0017093845   0.0047221743   0.0044443992   
49   0.0016666497   0.0048076430   0.0041452564   
50   0.0018055369   0.0043909801   0.0039529503   
51   0.0017628021   0.0039636337   0.0044123467   
52   0.0015170780   0.0044016628   0.0040704695   
53   0.0016239143   0.0039743165   0.0036858578   
54   0.0019230562   0.0042200399   0.0042200397   
55   0.0016666486   0.0041773049   0.0040491010   
56   0.0016880157   0.0041773044   0.0042948243   
57   0.0013995572   0.0043696095   0.0047542204   
58   0.0014636589   0.0050747294   0.0044871289   
59   0.0015170769   0.0053418197   0.0050213103   
60   0.0015384440   0.0045832808   0.0048183206   
61   0.0015170765   0.0051174621   0.0049892582   
62   0.0015491272   0.0046046469   0.0048076358   
63   0.0014636580   0.0041666174   0.0051708787   
64   0.0017521159   0.0044123405   0.0054272853   
65   0.0013995558   0.0039315765   0.0057264263   
66   0.0015811774   0.0039422597   0.0057905274   
67   0.0017093808   0.0034721795   0.0058759958   
68   0.0015918606   0.0032264557   0.0054379663   
69   0.0016239113   0.0035149132   0.0060682997   
70   0.0016559620   0.0036324327   0.0059080446   
71   0.0015918601   0.0033439744   0.0059721456   
72   0.0017521143   0.0033226068   0.0063781226   
73   0.0016132270   0.0038674711   0.0064208563   
74   0.0019230518   0.0032798715   0.0064101719   
75   0.0018803170   0.0032585038   0.0062499168   
76   0.0018268987   0.0035896956   0.0059828256   
77   0.0017307459   0.0033867064   0.0059614576   
78   0.0016452768   0.0037713162   0.0060789767   
79   0.0016345930   0.0039743044   0.0055554789   
80   0.0016559600   0.0035469594   0.0056836816   
81   0.0017734796   0.0038674673   0.0054806923   
82   0.0021367221   0.0038247324   0.0054272736   
83   0.0019230497   0.0042841271   0.0057691484   
84   0.0014957051   0.0046901037   0.0056409444   
85   0.0019016820   0.0056195768   0.0057370961   
86   0.0019230489   0.0055447908   0.0058332477   
87   0.0018803143   0.0056623096   0.0063674270   
88   0.0020192008   0.0058546137   0.0066986177   
89   0.0022435561   0.0056195736   0.0064208431   
90   0.0025213293   0.0059934986   0.0071366432   
91   0.0035362707   0.0063567400   0.0063246887   
92   0.0047541999   0.0062285357   0.0071259571   
93   0.0047862498   0.0060469134   0.0071259558   
94   0.0049251356   0.0059828107   0.0069229662   
95   0.0051281228   0.0063887859   0.0072007381   
96   0.0047435127   0.0062605816   0.0068909127   
97   0.0050106014   0.0062605804   0.0066879233   
98   0.0044871049   0.0061857941   0.0072007339   
99   0.0044657369   0.0063139960   0.0066238193   
100   0.0044016345   0.0062819440   0.0061430571   
101   0.0041345443   0.0061644235   0.0059400680   
102   0.0040490750   0.0074037171   0.0058439148   
103   0.0045084679   0.0070725249   0.0058011795   
104   0.0040811242   0.0068481686   0.0060362169   
105   0.0043268456   0.0068695346   0.0063674064   
106   0.0044657311   0.0065703934   0.0058225434   
107   0.0048717058   0.0071366211   0.0068267973   
108   0.0043909445   0.0067626951   0.0061644151   
109   0.0046366656   0.0067199595   0.0065597057   
110   0.0047221332   0.0073716553   0.0068908947   
111   0.0047648665   0.0075746414   0.0069763618   
112   0.0049571695   0.0071686648   0.0071686643   
113   0.0049251178   0.0073182331   0.0079699292   
114   0.0055020286   0.0066131173   0.0077669400   
115   0.0054592931   0.0071045591   0.0081088118   
116   0.0055233933   0.0074036968   0.0084720506   
117   0.0060362021   0.0074250622   0.0075212134   
118   0.0061857703   0.0075532629   0.0061003010   
119   0.0056622755   0.0079165015   0.0060575655   
120   0.0063353371   0.0082049553   0.0049037425   
121   0.0064742217   0.0079485487   0.0049251086   
122   0.0072327511   0.0083758883   0.0045298169   
123   0.0074357366   0.0083224688   0.0041024748   
124   0.0077776079   0.0073075320   0.0041772586   
125   0.0080767449   0.0079699090   0.0041986248   
126   0.0079378574   0.0080981096   0.0039635864   
127   0.0070297565   0.0089955234   0.0037926493   
128   0.0073075265   0.0081408401   0.0040597364   
129   0.0065703623   0.0076814473   0.0039635839   
130   0.0065383105   0.0067626637   0.0034721416   
131   0.0060148171   0.0063887396   0.0032050532   
132   0.0064635235   0.0064635231   0.0029593319   
133   0.0060041315   0.0060682322   0.0025533582   
134   0.0058225109   0.0059079786   0.0022114856   
135   0.0063139513   0.0054592705   0.0022328523   
136   0.0058545597   0.0057156738   0.0016559428   
137   0.0059079763   0.0060041275   0.0014850066   
138   0.0056408880   0.0055661031   0.0011645014   
139   0.0057904562   0.0057797723   0.0008439963   
140   0.0055340515   0.0061536939   0.0008867302   
141   0.0058545556   0.0054272154   0.0007264776   
142   0.0056195179   0.0051173934   0.0004700737   
143   0.0059613890   0.0041558785   0.0004914406   
144   0.0054272137   0.0037499054   0.0004487066   
145   0.0058759197   0.0028311248   0.0004700736   
146   0.0059186530   0.0025426704   0.0005128075   
147   0.0060575378   0.0025533536   0.0004593900   
148   0.0060575372   0.0021046469   0.0004487064   
149   0.0063139403   0.0013354357   0.0003846055   
150   0.0065703433   0.0015063714   0.0003952889   
151   0.0068587968   0.0009828805   0.0003311880   
152   0.0065596586   0.0005875916   0.0003846054   
153   0.0068267451   0.0003632384   0.0002991375   
154   0.0076600561   0.0004700732   0.0002991375   
155   0.0077241563   0.0002350366   0.0003311879   
156   0.0081408113   0.0004273392   0.0002991374   
157   0.0083651636   0.0003525548   0.0003098209   
158   0.0088245523   0.0003098208   0.0003205043   
159   0.0081301255   0.0004380225   0.0003739217   
160   0.0082049090   0.0003098208   0.0003632382   
161   0.0075532163   0.0003739216   0.0002670869   
162   0.0084933613   0.0003632381   0.0003311877   
163   0.0080232877   0.0002457199   0.0002777703   
164   0.0082369564   0.0003098207   0.0003418711   
165   0.0075532135   0.0002777702   0.0003739215   
166   0.0077134649   0.0004273388   0.0003632380   
167   0.0074784279   0.0003205041   0.0003632379   
168   0.0074784272   0.0003952883   0.0003525544   
169   0.0076707290   0.0004059717   0.0002991371   
170   0.0069228857   0.0003525544   0.0004273386   
171   0.0072220221   0.0005128063   0.0002777701   
172   0.0067733160   0.0004914393   0.0004700724   
173   0.0061643581   0.0003952881   0.0002670866   
174   0.0055660838   0.0003205039   0.0003418708   
175   0.0053310472   0.0002991369   0.0003952881   
176   0.0052669461   0.0002564031   0.0003952880   
177   0.0049037082   0.0003846046   0.0003846046   
178   0.0045404702   0.0003418707   0.0002670865   
179   0.0039315128   0.0004273384   0.0003205038   
180   0.0035682751   0.0003525541   0.0003525541   
181   0.0028738501   0.0004059714   0.0003739210   
182   0.0027242816   0.0003311872   0.0003098203   
183   0.0028311161   0.0004059714   0.0003739210   
184   0.0021473748   0.0004273383   0.0002991368   
185   0.0025212957   0.0005234894   0.0003311871   
186   0.0022542092   0.0006623743   0.0002350360   
187   0.0025640293   0.0004914390   0.0002991368   
188   0.0028097487   0.0007585253   0.0004059713   
189   0.0036216911   0.0006410073   0.0004593885   
190   0.0044977342   0.0007692087   0.0004487051   
191   0.0062818707   0.0010149281   0.0004914389   
192   0.0072861147   0.0010469784   0.0005128057   
193   0.0079912218   0.0011965466   0.0005341726   
194   0.0089206812   0.0011965464   0.0005448560   
195   0.0093907520   0.0013888484   0.0006196401   
196   0.0089954633   0.0013888482   0.0006410069   
197   0.0082583044   0.0020405383   0.0006944240   
198   0.0079912174   0.0020084877   0.0007051074   
199   0.0070190230   0.0023610412   0.0010362941   
200   0.0051494197   0.0026601773   0.0010256105   
201   0.0027670116   0.0030234141   0.0010469773   
202   0.0012072289   0.0039101395   0.0011217613   
203   0.0005234886   0.0061643452   0.0014422645   
204   0.0001068344   0.0096044123   0.0015918325   
205   0.0000427338   0.0131833630   0.0017200336   
206   0.0000641006   0.0129590087   0.0020619032   
207   0.0000641006   0.0112176068   0.0021473704   
208   0.0000213669   0.0102667796   0.0025533405   
209   0.0000213669   0.0088565652   0.0033332307   
210   0.0000534172   0.0059934047   0.0035575823   
211   0.0000427337   0.0032584461   0.0043695226   
212   0.0000427337   0.0012285943   0.0071899473   
213   0.0000427337   0.0007478400   0.0098287533   
214   0.0000213669   0.0002243520   0.0119013368   
215   0.0000320503   0.0000854674   0.0114205812   
216   0.0000320503   0.0000427337   0.0102026695   
217   0.0000106834   0.0000427337   0.0101492513   
218   0.0000106834   0.0000320503   0.0082048675   
219   0.0000320503   0.0000320503   0.0056408459   
220   0.0000106834   0.0000320503   0.0029593072   
221   0.0000534171   0.0000534171   0.0012713269   
222   0.0000106834   0.0000320503   0.0005128041   
223   0.0000213668   0.0000106834   0.0002670855   
224   0.0000000000   0.0000213668   0.0001068342   
225   0.0000213668   0.0000320503   0.0001068342   
226   0.0000534171   0.0000427337   0.0000427337   
227   0.0000427337   0.0000320503   0.0000427337   
228   0.0000213668   0.0000213668   0.0000320503   
229   0.0000320503   0.0000213668   0.0000320503   
230   0.0000106834   0.0000320503   0.0000961508   
231   0.0000320503   0.0000427337   0.0000000000   
232   0.0000320503   0.0000320503   0.0000106834   
233   0.0000106834   0.0000213668   0.0000213668   
234   0.0000641005   0.0000320503   0.0000641005   
235   0.0000427337   0.0000213668   0.0000213668   
236   0.0000106834   0.0000106834   0.0000213668   
237   0.0000213668   0.0000854674   0.0000213668   
238   0.0000320503   0.0000320503   0.0000213668   
239   0.0000320503   0.0000106834   0.0000427337   
240   0.0000320503   0.0000320503   0.0000213668   
241   0.0000427337   0.0000320503   0.0000106834   
242   0.0000320503   0.0000427337   0.0000747839   
243   0.0000427337   0.0000213668   0.0000641005   
244   0.0000000000   0.0000534171   0.0000427337   
245   0.0000427337   0.0000213668   0.0000213668   
246   0.0000213668   0.0000320503   0.0000427337   
247   0.0000641005   0.0000427337   0.0000641005   
248   0.0000641005   0.0000213668   0.0000320503   
249   0.0000320503   0.0000747839   0.0000106834   
250   0.0000427337   0.0000213668   0.0000427337   
251   0.0000961508   0.0001282010   0.0000747839   
252   0.0000641005   0.0001175176   0.0001816181   
253   0.0000534171   0.0000641005   0.0002457186   
254   0.0002777689   0.0005128041   0.0001175176   
255   0.0006196383   0.0004166533   0.0007264725   
Value   Red   Green   Blue   
0   0.0000320513   0.0000000000   0.0002350427   
1   0.0000213675   0.0000000000   0.0003525641   
2   0.0000641026   0.0000534188   0.0007799145   
3   0.0002350427   0.0001602564   0.0023824786   
4   0.0008119658   0.0008119658   0.0062072647   
5   0.0019017093   0.0021047007   0.0134081179   
6   0.0034508542   0.0034294866   0.0212179420   
7   0.0041880327   0.0039957249   0.0260683600   
8   0.0051068342   0.0050961503   0.0264636492   
9   0.0072649497   0.0065811894   0.0263247502   
10   0.0089209272   0.0091559690   0.0239956832   
11   0.0084294712   0.0119657881   0.0229486663   
12   0.0080234855   0.0139209058   0.0220405384   
13   0.0085683521   0.0141666249   0.0191131870   
14   0.0078632221   0.0148717439   0.0171901085   
15   0.0079273210   0.0148824210   0.0165490781   
16   0.0071687737   0.0147435263   0.0168802663   
17   0.0079593654   0.0149785619   0.0155234283   
18   0.0081196177   0.0158546194   0.0147969301   
19   0.0088354224   0.0164849511   0.0142520552   
20   0.0094337058   0.0172541702   0.0125853928   
21   0.0096794268   0.0172648463   0.0127029081   
22   0.0101495050   0.0164849298   0.0121259837   
23   0.0111537670   0.0166238108   0.0122221318   
24   0.0110576092   0.0159720993   0.0106729934   
25   0.0119016148   0.0151921844   0.0101815401   
26   0.0121580181   0.0142413317   0.0100212811   
27   0.0119977582   0.0133973165   0.0094764103   
28   0.0122114268   0.0120298028   0.0092199989   
29   0.0120191164   0.0116451868   0.0088674349   
30   0.0108866446   0.0110682654   0.0085576059   
31   0.0111216813   0.0100960496   0.0090490510   
32   0.0111323613   0.0086858050   0.0085469167   
33   0.0100105750   0.0079272636   0.0094122892   
34   0.0097755320   0.0069123155   0.0083759734   
35   0.0098182637   0.0064636008   0.0085469093   
36   0.0083011848   0.0057157446   0.0079913581   
37   0.0076067466   0.0060789867   0.0082798143   
38   0.0071152979   0.0056943747   0.0082370778   
39   0.0068695728   0.0058759951   0.0080234034   
40   0.0062606046   0.0053952306   0.0085468992   
41   0.0062178688   0.0056409528   0.0087178353   
42   0.0056516355   0.0057371042   0.0087285171   
43   0.0051922387   0.0052242893   0.0092092779   
44   0.0047007913   0.0055020622   0.0098075584   
45   0.0044336999   0.0055341119   0.0091772232   
46   0.0044336990   0.0057798338   0.0093161083   
47   0.0040384045   0.0056302621   0.0086216718   
48   0.0038460988   0.0052242839   0.0078951849   
49   0.0038995161   0.0055020566   0.0080554375   
50   0.0037713121   0.0047862542   0.0074678379   
51   0.0036110574   0.0053524842   0.0072648482   
52   0.0032905488   0.0052883817   0.0072114290   
53   0.0035362710   0.0046046305   0.0075212521   
54   0.0033119148   0.0047435165   0.0075105672   
55   0.0035469534   0.0046900977   0.0079592769   
56   0.0033760153   0.0050212883   0.0073503108   
57   0.0036644717   0.0052349592   0.0085896059   
58   0.0040490802   0.0052776927   0.0082477295   
59   0.0038781421   0.0050747035   0.0085041340   
60   0.0040597623   0.0050533354   0.0079592697   
61   0.0038567735   0.0050106002   0.0089635249   
62   0.0042413817   0.0051388022   0.0082263562   
63   0.0044550524   0.0051174341   0.0074785042   
64   0.0036858341   0.0050212809   0.0077455923   
65   0.0036858334   0.0046687221   0.0078844773   
66   0.0032584898   0.0050319627   0.0077776403   
67   0.0033012236   0.0052883676   0.0072968783   
68   0.0027136267   0.0052135817   0.0071259400   
69   0.0032584882   0.0058011770   0.0072648252   
70   0.0029166135   0.0057370746   0.0063246702   
71   0.0029272966   0.0069336328   0.0059934788   
72   0.0028097769   0.0067199603   0.0055768189   
73   0.0030661819   0.0077989988   0.0051174249   
74   0.0032798526   0.0075853262   0.0052028925   
75   0.0033653205   0.0070190965   0.0054486134   
76   0.0032905350   0.0063887656   0.0050105868   
77   0.0029166101   0.0064742330   0.0055768142   
78   0.0032905340   0.0059293709   0.0052135726   
79   0.0031302802   0.0056409141   0.0052028883   
80   0.0032691658   0.0056195462   0.0052669888   
81   0.0036430895   0.0055554440   0.0053738234   
82   0.0031302787   0.0053417723   0.0054592910   
83   0.0034935188   0.0057477461   0.0055020243   
84   0.0033225815   0.0054486061   0.0050639983   
85   0.0033653152   0.0057584279   0.0051067317   
86   0.0034828336   0.0061644015   0.0047648577   
87   0.0038781240   0.0060682487   0.0049998948   
88   0.0037712880   0.0061323489   0.0043695655   
89   0.0035362497   0.0066344740   0.0039422235   
90   0.0034614644   0.0069015612   0.0035041981   
91   0.0040383745   0.0077135084   0.0028311353   
92   0.0044870821   0.0072434320   0.0023183255   
93   0.0045404990   0.0072113802   0.0021367052   
94   0.0039635880   0.0068267723   0.0019657685   
95   0.0043375107   0.0075318839   0.0016773131   
96   0.0045404971   0.0071793265   0.0012713391   
97   0.0046045975   0.0077348686   0.0011110861   
98   0.0048503178   0.0081515247   0.0010256178   
99   0.0054058600   0.0081301564   0.0011004022   
100   0.0059614020   0.0082263068   0.0009080988   
101   0.0059827681   0.0076493957   0.0011324524   
102   0.0071900041   0.0065917268   0.0011965533   
103   0.0065276252   0.0058866141   0.0011217686   
104   0.0071686347   0.0058225122   0.0009721993   
105   0.0065703572   0.0056302082   0.0010469837   
106   0.0066878748   0.0062712177   0.0008119464   
107   0.0064635203   0.0059720787   0.0010790339   
108   0.0062498493   0.0068053910   0.0007585287   
109   0.0064528349   0.0060682284   0.0008119461   
110   0.0059507095   0.0067840220   0.0009401479   
111   0.0059186582   0.0070083745   0.0008546798   
112   0.0055020009   0.0072434104   0.0006730603   
113   0.0059293400   0.0075425472   0.0006303262   
114   0.0064421468   0.0074357111   0.0006303261   
115   0.0066344486   0.0062605259   0.0003205047   
116   0.0067733330   0.0058225019   0.0003952891   
117   0.0072006716   0.0047114183   0.0003311881   
118   0.0072220375   0.0038994727   0.0003632386   
119   0.0072327200   0.0030875273   0.0002991376   
120   0.0072327192   0.0028524903   0.0003098210   
121   0.0064741910   0.0021153297   0.0003525549   
122   0.0067092269   0.0017200406   0.0002564036   
123   0.0056515616   0.0013674856   0.0003632384   
124   0.0055981438   0.0010897150   0.0002243531   
125   0.0063246200   0.0010683480   0.0003205044   
126   0.0054485742   0.0009294626   0.0003418713   
127   0.0053417390   0.0006730591   0.0003418713   
128   0.0054272064   0.0005448573   0.0003632382   
129   0.0046473123   0.0005341738   0.0004487060   
130   0.0058652283   0.0005769077   0.0003418712   
131   0.0063566677   0.0006303250   0.0003632381   
132   0.0072968129   0.0003952885   0.0003846051   
133   0.0068587899   0.0005128067   0.0002777703   
134   0.0072113439   0.0003739215   0.0002564033   
135   0.0067733209   0.0005341736   0.0003205041   
136   0.0073288609   0.0004593892   0.0004273388   
137   0.0067946868   0.0004487057   0.0002884537   
138   0.0065169160   0.0004273388   0.0002884537   
139   0.0062711957   0.0003418710   0.0004059718   
140   0.0068160521   0.0004273387   0.0003952883   
141   0.0065810153   0.0003632379   0.0003739213   
142   0.0063139281   0.0004700725   0.0003525544   
143   0.0055233513   0.0004166551   0.0003846047   
144   0.0054058328   0.0003846047   0.0004059716   
145   0.0051601128   0.0004059716   0.0004273385   
146   0.0048289251   0.0002029858   0.0003311873   
147   0.0056408679   0.0003632377   0.0003632377   
148   0.0053844645   0.0003098204   0.0004059715   
149   0.0049250753   0.0004059715   0.0005128061   
150   0.0049037081   0.0004700722   0.0004059715   
151   0.0047648228   0.0003418707   0.0002670865   
152   0.0045725203   0.0003846045   0.0003525541   
153   0.0040917644   0.0005234894   0.0004059714   
154   0.0034934906   0.0004273383   0.0003205037   
155   0.0035682746   0.0004273383   0.0004059714   
156   0.0029700009   0.0003952879   0.0005021225   
157   0.0023610438   0.0004487052   0.0004487051   
158   0.0019550724   0.0003525540   0.0004487051   
159   0.0015170507   0.0004807555   0.0005341728   
160   0.0012926981   0.0004273382   0.0003952878   
161   0.0014208995   0.0003846044   0.0006410073   
162   0.0012285973   0.0004380216   0.0004807555   
163   0.0011324462   0.0004807554   0.0007692087   
164   0.0007905756   0.0004914389   0.0006410072   
165   0.0011324461   0.0004273382   0.0007692087   
166   0.0011858633   0.0005662230   0.0008974101   
167   0.0010256115   0.0005662230   0.0010362950   
168   0.0010256115   0.0006944244   0.0011644964   
169   0.0012285971   0.0007798920   0.0016025179   
170   0.0012392805   0.0008867265   0.0016452516   
171   0.0014422660   0.0008439927   0.0022007910   
172   0.0021901076   0.0009615106   0.0029379491   
173   0.0020405391   0.0011858630   0.0032370855   
174   0.0023396756   0.0020619059   0.0036751067   
175   0.0029486321   0.0022755747   0.0038780919   
176   0.0035148545   0.0026494952   0.0038460412   
177   0.0035469045   0.0031088831   0.0032157174   
178   0.0035255373   0.0035789544   0.0035469039   
179   0.0034828031   0.0036857884   0.0034614359   
180   0.0033225510   0.0033118675   0.0034080183   
181   0.0032905003   0.0033332340   0.0028524790   
182   0.0032584497   0.0027135941   0.0028738456   
183   0.0031302481   0.0030127301   0.0022542058   
184   0.0031729815   0.0031088808   0.0016666165   
185   0.0030875137   0.0029913627   0.0011751782   
186   0.0027349600   0.0027456434   0.0011217609   
187   0.0021473708   0.0027563266   0.0008546749   
188   0.0015277314   0.0021687375   0.0007798908   
189   0.0014102135   0.0019230184   0.0008439914   
190   0.0010576601   0.0017200330   0.0010576600   
191   0.0010256097   0.0013461127   0.0016238820   
192   0.0012285949   0.0011751777   0.0021153199   
193   0.0018589175   0.0011217605   0.0036216839   
194   0.0026388080   0.0010790267   0.0059506719   
195   0.0040810711   0.0016452486   0.0076493369   
196   0.0040810706   0.0026067571   0.0079805222   
197   0.0037498837   0.0041238037   0.0069335449   
198   0.0063352727   0.0039956018   0.0040490187   
199   0.0082048711   0.0040597017   0.0025853888   
200   0.0073608791   0.0066450894   0.0013461113   
201   0.0039849166   0.0087604058   0.0004166534   
202   0.0014315784   0.0074463438   0.0000747839   
203   0.0004166534   0.0037178298   0.0000000000   
204   0.0001068342   0.0012926936   0.0000000000   
205   0.0000000000   0.0004273367   0.0000000000   
206   0.0000000000   0.0001388844   0.0000000000   
207   0.0000000000   0.0000000000   0.0000000000   
208   0.0000000000   0.0000106834   0.0000000000   
209   0.0000000000   0.0000000000   0.0000000000   
210   0.0000000000   0.0000000000   0.0000000000   
211   0.0000000000   0.0000000000   0.0000000000   
212   0.0000000000   0.0000000000   0.0000000000   
213   0.0000000000   0.0000000000   0.0000000000   
214   0.0000000000   0.0000000000   0.0000000000   
215   0.0000000000   0.0000000000   0.0000000000   
216   0.0000000000   0.0000000000   0.0000000000   
217   0.0000000000   0.0000000000   0.0000000000   
218   0.0000000000   0.0000000000   0.0000000000   
219   0.0000000000   0.0000000000   0.0000000000   
220   0.0000000000   0.0000000000   0.0000000000   
221   0.0000000000   0.0000000000   0.0000000000   
222   0.0000000000   0.0000000000   0.0000000000   
223   0.0000000000   0.0000000000   0.0000000000   
224   0.0000000000   0.0000000000   0.0000000000   
225   0.0000000000   0.0000000000   0.0000000000   
226   0.0000000000   0.0000000000   0.0000000000   
227   0.0000000000   0.0000000000   0.0000000000   
228   0.0000000000   0.0000000000   0.0000000000   
229   0.0000000000   0.0000000000   0.0000000000   
230   0.0000000000   0.0000000000   0.0000000000   
231   0.0000000000   0.0000000000   0.0000000000   
232   0.0000000000   0.0000000000   0.0000000000   
233   0.0000000000   0.0000000000   0.0000000000   
234   0.0000000000   0.0000000000   0.0000000000   
235   0.0000000000   0.0000000000   0.0000000000   
236   0.0000000000   0.0000000000   0.0000000000   
237   0.0000000000   0.0000000000   0.0000000000   
238   0.0000000000   0.0000000000   0.0000000000   
239   0.0000000000   0.0000000000   0.0000000000   
240   0.0000000000   0.0000000000   0.0000000000   
241   0.0000000000   0.0000000000   0.0000000000   
242   0.0000000000   0.0000000000   0.0000000000   
243   0.0000000000   0.0000000000   0.0000000000   
244   0.0000000000   0.0000000000   0.0000000000   
245   0.0000000000   0.0000000000   0.0000000000   
246   0.0000000000   0.0000000000   0.0000000000   
247   0.0000000000   0.0000000000   0.0000000000   
248   0.0000000000   0.0000000000   0.0000000000   
249   0.0000000000   0.0000000000   0.0000000000   
250   0.0000000000   0.0000000000   0.0000000000   
251   0.0000000000   0.0000000000   0.0000000000   
252   0.0000000000   0.0000000000   0.0000000000   
253   0.0000000000   0.0000000000   0.0000000000   
254   0.0000000000   0.0000000000   0.0000000000   
255   0.0000000000   0.0000000000   0.0000000000   
