Value   Red   Green   Blue   
0   0.0000000000   0.0000000000   0.0000000000   
1   0.0000000000   0.0000000000   0.0000427350   
2   0.0000000000   0.0000000000   0.0001388889   
3   0.0000106838   0.0000106838   0.0003098291   
4   0.0000641026   0.0000854701   0.0011217949   
5   0.0002670940   0.0001709402   0.0031410256   
6   0.0008012820   0.0008974359   0.0067735039   
7   0.0024572648   0.0025427349   0.0100213660   
8   0.0041773497   0.0043162384   0.0117521331   
9   0.0064957242   0.0065170914   0.0121474295   
10   0.0078418757   0.0075961488   0.0118696487   
11   0.0081410185   0.0089743504   0.0105662279   
12   0.0077777687   0.0092734925   0.0102243449   
13   0.0065170845   0.0100640868   0.0097115222   
14   0.0064957152   0.0103845962   0.0094978447   
15   0.0061645174   0.0096367316   0.0092093811   
16   0.0058333199   0.0093589519   0.0090811739   
17   0.0052457130   0.0088995489   0.0092948461   
18   0.0053311816   0.0090811701   0.0100427048   
19   0.0054166500   0.0091452702   0.0093589437   
20   0.0054914347   0.0084508257   0.0095405646   
21   0.0051388705   0.0092948376   0.0096046646   
22   0.0059080970   0.0084187703   0.0096794481   
23   0.0059187792   0.0088995354   0.0095085062   
24   0.0055127965   0.0087926959   0.0094871363   
25   0.0055555299   0.0092200421   0.0091025203   
26   0.0055662122   0.0081837201   0.0092841410   
27   0.0057050990   0.0086751685   0.0090704647   
28   0.0054700561   0.0077991027   0.0089849928   
29   0.0052563807   0.0071580789   0.0087606330   
30   0.0049679196   0.0067948315   0.0091238767   
31   0.0053845827   0.0063674822   0.0096794267   
32   0.0052029587   0.0058867146   0.0089849846   
33   0.0047649261   0.0056837232   0.0092734422   
34   0.0050427011   0.0056516710   0.0090170318   
35   0.0042307398   0.0054059450   0.0088995094   
36   0.0043162084   0.0050854334   0.0094336917   
37   0.0035042477   0.0052670550   0.0091238631   
38   0.0038995432   0.0050533804   0.0094657391   
39   0.0036751852   0.0054807265   0.0092306963   
40   0.0033653579   0.0051708988   0.0088567659   
41   0.0031303164   0.0059294386   0.0096046213   
42   0.0032478362   0.0061537946   0.0094123133   
43   0.0029593765   0.0061431097   0.0098503418   
44   0.0031623656   0.0061324248   0.0099571765   
45   0.0030341610   0.0065277191   0.0097755522   
46   0.0029700584   0.0060683203   0.0102776822   
47   0.0028845885   0.0065384001   0.0104272514   
48   0.0026709147   0.0065704497   0.0104699838   
49   0.0028952709   0.0067627542   0.0115703980   
50   0.0026495463   0.0067841200   0.0109186926   
51   0.0030021062   0.0068268531   0.0101922020   
52   0.0029273200   0.0065277094   0.0098075885   
53   0.0029273194   0.0060255767   0.0089849458   
54   0.0029059515   0.0060469427   0.0091238314   
55   0.0027670635   0.0059294215   0.0088353714   
56   0.0026388593   0.0063888169   0.0094229699   
57   0.0029593680   0.0066452230   0.0091879280   
58   0.0026174910   0.0065170180   0.0085682753   
59   0.0028311632   0.0063460786   0.0081088775   
60   0.0029700499   0.0068588917   0.0077776834   
61   0.0027884276   0.0068588904   0.0080981908   
62   0.0030127833   0.0068695728   0.0080661384   
63   0.0031303026   0.0072541820   0.0082157076   
64   0.0030768839   0.0072221297   0.0076815248   
65   0.0031196178   0.0074892188   0.0068909354   
66   0.0033226060   0.0065811097   0.0078845107   
67   0.0037606337   0.0070939221   0.0074998990   
68   0.0034935425   0.0073075930   0.0071900727   
69   0.0041025079   0.0069977668   0.0070298171   
70   0.0035362756   0.0067306752   0.0060041891   
71   0.0037819980   0.0070725494   0.0050747141   
72   0.0038354154   0.0071687006   0.0049999280   
73   0.0038995164   0.0067199879   0.0047542043   
74   0.0043268599   0.0072648506   0.0046580510   
75   0.0043054919   0.0072862166   0.0039101981   
76   0.0040170340   0.0073823677   0.0033973847   
77   0.0041452365   0.0072114289   0.0032584974   
78   0.0045405289   0.0074464669   0.0030555085   
79   0.0045512118   0.0069550203   0.0035042190   
80   0.0047969337   0.0069763864   0.0031516599   
81   0.0043268549   0.0068909166   0.0030127727   
82   0.0046366784   0.0067199781   0.0029059364   
83   0.0049251345   0.0067520278   0.0028845687   
84   0.0048930830   0.0069656985   0.0029807206   
85   0.0050640196   0.0067947600   0.0028952514   
86   0.0046259919   0.0074250903   0.0030875555   
87   0.0047541942   0.0081515727   0.0023931222   
88   0.0049251307   0.0079058490   0.0025747426   
89   0.0045191539   0.0081088357   0.0024144886   
90   0.0052242692   0.0082584044   0.0019764616   
91   0.0046366717   0.0073075649   0.0022862849   
92   0.0054699897   0.0073289310   0.0020191952   
93   0.0060682689   0.0072541448   0.0022008156   
94   0.0055981908   0.0065597116   0.0018482575   
95   0.0054486199   0.0056088730   0.0017093708   
96   0.0052990492   0.0054379352   0.0016132185   
97   0.0054379348   0.0049037563   0.0019444088   
98   0.0056943396   0.0046687172   0.0028418278   
99   0.0054593005   0.0041131714   0.0028631945   
100   0.0068802133   0.0043909434   0.0027990928   
101   0.0079699354   0.0046793988   0.0031943841   
102   0.0090382899   0.0058332223   0.0035255738   
103   0.0105767203   0.0071152478   0.0038994975   
104   0.0108331233   0.0074891705   0.0036858256   
105   0.0111215767   0.0070297761   0.0025426849   
106   0.0103844092   0.0062926096   0.0029272920   
107   0.0094549384   0.0048610132   0.0021687597   
108   0.0093374176   0.0047969111   0.0022862783   
109   0.0087925553   0.0039529104   0.0024999487   
110   0.0086429842   0.0040811123   0.0024892648   
111   0.0094762989   0.0044870861   0.0022008088   
112   0.0088566521   0.0041772627   0.0024999475   
113   0.0084293092   0.0034935158   0.0025106306   
114   0.0096472307   0.0038994895   0.0024144784   
115   0.0095938114   0.0036430841   0.0027456674   
116   0.0094549239   0.0032798435   0.0026495152   
117   0.0102134528   0.0029379701   0.0027349830   
118   0.0106621591   0.0029166025   0.0027349825   
119   0.0105232714   0.0029593361   0.0029807031   
120   0.0097647395   0.0028311334   0.0030554872   
121   0.0102775469   0.0028418164   0.0031730054   
122   0.0096792680   0.0033118907   0.0030661697   
123   0.0079805872   0.0034828264   0.0026815626   
124   0.0084186101   0.0028418150   0.0021046524   
125   0.0079271672   0.0023717400   0.0021260191   
126   0.0071793202   0.0022649045   0.0017093619   
127   0.0076387103   0.0018909814   0.0011004016   
128   0.0075852918   0.0012392871   0.0007905797   
129   0.0077134930   0.0009721992   0.0009401487   
130   0.0072113674   0.0010363002   0.0009187816   
131   0.0071365822   0.0010897176   0.0008974145   
132   0.0070511134   0.0009508319   0.0009721990   
133   0.0068694932   0.0010469834   0.0007478453   
134   0.0058972937   0.0007692122   0.0007478452   
135   0.0061109633   0.0006410101   0.0005021246   
136   0.0057049897   0.0005769091   0.0007051111   
137   0.0052455988   0.0007798955   0.0005769090   
138   0.0056515714   0.0006944275   0.0006623770   
139   0.0051494466   0.0007371614   0.0007585284   
140   0.0049144092   0.0007478449   0.0008653634   
141   0.0044657020   0.0008439963   0.0009187808   
142   0.0043802337   0.0009615147   0.0007478448   
143   0.0042733985   0.0008012622   0.0008012622   
144   0.0039742603   0.0007585282   0.0009294641   
145   0.0036003378   0.0007692116   0.0009080970   
146   0.0038033240   0.0008333125   0.0006089592   
147   0.0035682869   0.0008974135   0.0010256154   
148   0.0034507683   0.0008653629   0.0010042483   
149   0.0033866671   0.0010149318   0.0011217667   
150   0.0034400844   0.0013461200   0.0015597898   
151   0.0032264144   0.0019016614   0.0016773081   
152   0.0034935014   0.0020512301   0.0020512301   
153   0.0038781068   0.0024251521   0.0025213035   
154   0.0046793681   0.0029593263   0.0026281381   
155   0.0056088310   0.0032905141   0.0028952250   
156   0.0079271469   0.0039101559   0.0027670228   
157   0.0107369022   0.0041451919   0.0032905131   
158   0.0146150045   0.0048182505   0.0034400812   
159   0.0187067740   0.0060147991   0.0044122770   
160   0.0213349041   0.0085254143   0.0057477101   
161   0.0189417987   0.0100958816   0.0075638982   
162   0.0173499550   0.0126599104   0.0101599779   
163   0.0144974631   0.0151918864   0.0135145810   
164   0.0136855143   0.0157581033   0.0160679213   
165   0.0105659387   0.0143692469   0.0170614746   
166   0.0082369414   0.0127133058   0.0141128352   
167   0.0086322255   0.0108223307   0.0108650629   
168   0.0084506037   0.0120295558   0.0101279019   
169   0.0064527977   0.0149354470   0.0079271105   
170   0.0034186997   0.0128949059   0.0084933300   
171   0.0018055003   0.0108971008   0.0103522448   
172   0.0005769053   0.0104377108   0.0136747885   
173   0.0001388846   0.0090702298   0.0111962302   
174   0.0000213669   0.0065596227   0.0088138243   
175   0.0000320503   0.0038032985   0.0084399031   
176   0.0000106834   0.0019123324   0.0065062029   
177   0.0000000000   0.0006516886   0.0044870361   
178   0.0000000000   0.0001282010   0.0021901008   
179   0.0000000000   0.0000213668   0.0010042413   
180   0.0000000000   0.0000000000   0.0002564020   
181   0.0000000000   0.0000000000   0.0000427337   
182   0.0000000000   0.0000000000   0.0000106834   
183   0.0000000000   0.0000000000   0.0000000000   
184   0.0000000000   0.0000000000   0.0000000000   
185   0.0000000000   0.0000000000   0.0000000000   
186   0.0000000000   0.0000000000   0.0000000000   
187   0.0000000000   0.0000000000   0.0000000000   
188   0.0000000000   0.0000000000   0.0000000000   
189   0.0000000000   0.0000000000   0.0000000000   
190   0.0000000000   0.0000000000   0.0000000000   
191   0.0000000000   0.0000000000   0.0000000000   
192   0.0000000000   0.0000000000   0.0000000000   
193   0.0000000000   0.0000000000   0.0000000000   
194   0.0000000000   0.0000000000   0.0000000000   
195   0.0000000000   0.0000000000   0.0000000000   
196   0.0000000000   0.0000000000   0.0000000000   
197   0.0000000000   0.0000000000   0.0000000000   
198   0.0000000000   0.0000000000   0.0000000000   
199   0.0000000000   0.0000000000   0.0000000000   
200   0.0000000000   0.0000000000   0.0000000000   
201   0.0000000000   0.0000000000   0.0000000000   
202   0.0000000000   0.0000000000   0.0000000000   
203   0.0000000000   0.0000000000   0.0000000000   
204   0.0000000000   0.0000000000   0.0000000000   
205   0.0000000000   0.0000000000   0.0000000000   
206   0.0000000000   0.0000000000   0.0000000000   
207   0.0000000000   0.0000000000   0.0000000000   
208   0.0000000000   0.0000000000   0.0000000000   
209   0.0000000000   0.0000000000   0.0000000000   
210   0.0000000000   0.0000000000   0.0000000000   
211   0.0000000000   0.0000000000   0.0000000000   
212   0.0000000000   0.0000000000   0.0000000000   
213   0.0000000000   0.0000000000   0.0000000000   
214   0.0000000000   0.0000000000   0.0000000000   
215   0.0000000000   0.0000000000   0.0000000000   
216   0.0000000000   0.0000000000   0.0000000000   
217   0.0000000000   0.0000000000   0.0000000000   
218   0.0000000000   0.0000000000   0.0000000000   
219   0.0000000000   0.0000000000   0.0000000000   
220   0.0000000000   0.0000000000   0.0000000000   
221   0.0000000000   0.0000000000   0.0000000000   
222   0.0000000000   0.0000000000   0.0000000000   
223   0.0000000000   0.0000000000   0.0000000000   
224   0.0000000000   0.0000000000   0.0000000000   
225   0.0000000000   0.0000000000   0.0000000000   
226   0.0000000000   0.0000000000   0.0000000000   
227   0.0000000000   0.0000000000   0.0000000000   
228   0.0000000000   0.0000000000   0.0000000000   
229   0.0000000000   0.0000000000   0.0000000000   
230   0.0000000000   0.0000000000   0.0000000000   
231   0.0000000000   0.0000000000   0.0000000000   
232   0.0000000000   0.0000000000   0.0000000000   
233   0.0000000000   0.0000000000   0.0000000000   
234   0.0000000000   0.0000000000   0.0000000000   
235   0.0000000000   0.0000000000   0.0000000000   
236   0.0000000000   0.0000000000   0.0000000000   
237   0.0000000000   0.0000000000   0.0000000000   
238   0.0000000000   0.0000000000   0.0000000000   
239   0.0000000000   0.0000000000   0.0000000000   
240   0.0000000000   0.0000000000   0.0000000000   
241   0.0000000000   0.0000000000   0.0000000000   
242   0.0000000000   0.0000000000   0.0000000000   
243   0.0000000000   0.0000000000   0.0000000000   
244   0.0000000000   0.0000000000   0.0000000000   
245   0.0000000000   0.0000000000   0.0000000000   
246   0.0000000000   0.0000000000   0.0000000000   
247   0.0000000000   0.0000000000   0.0000000000   
248   0.0000000000   0.0000000000   0.0000000000   
249   0.0000000000   0.0000000000   0.0000000000   
250   0.0000000000   0.0000000000   0.0000000000   
251   0.0000000000   0.0000000000   0.0000000000   
252   0.0000000000   0.0000000000   0.0000000000   
253   0.0000000000   0.0000000000   0.0000000000   
254   0.0000000000   0.0000000000   0.0000000000   
255   0.0000000000   0.0000000000   0.0000000000   
